,Company,CPU_company,CPU_freq,GPU_model,Ram,PrimaryStorage,Inches,Price_euros
0,1,1,14,60,8,4,13.3,524
1,1,1,8,53,8,4,13.3,342
2,7,1,16,55,8,7,15.6,168
3,1,1,18,80,16,10,15.4,745
4,1,1,22,61,8,7,13.3,637
5,0,0,21,88,4,8,15.6,84
6,1,1,13,62,16,7,15.4,704
7,1,1,8,53,8,7,13.3,458
8,2,1,8,40,16,10,14.0,573
9,0,1,7,109,8,7,14.0,270
10,7,1,16,55,4,8,15.6,77
11,7,1,11,49,4,8,15.6,54
12,1,1,19,81,16,7,15.4,736
13,4,1,11,95,4,7,15.6,136
14,1,1,3,54,8,7,12.0,497
15,1,1,14,60,8,7,13.3,581
16,4,1,18,95,8,7,15.6,257
17,1,1,20,82,16,10,15.4,766
18,10,1,15,14,8,11,15.6,137
19,4,1,7,109,8,4,13.3,374
20,2,1,5,43,2,2,11.6,1
21,10,1,16,17,8,4,15.6,383
22,7,0,6,83,4,8,15.6,16
23,4,1,7,109,8,7,13.3,301
24,7,1,8,55,8,7,15.6,213
25,4,1,11,49,4,11,15.6,92
26,1,1,7,53,8,4,13.3,432
27,4,1,7,78,8,7,15.6,291
28,4,1,9,109,8,7,15.6,511
29,7,1,7,11,8,11,17.3,340
30,3,1,5,42,4,3,15.6,10
31,2,0,6,83,2,2,14.0,3
32,7,0,16,78,4,8,17.3,99
33,4,1,8,109,16,10,13.3,652
34,1,1,7,53,8,7,13.3,382
35,10,1,2,45,4,3,14.0,13
36,0,1,18,55,4,11,15.6,65
37,4,1,7,78,8,4,17.3,374
38,7,1,16,55,4,11,15.6,128
39,7,1,7,12,8,7,15.6,331
40,2,1,11,55,4,11,15.6,74
41,4,1,19,21,16,7,15.6,575
42,2,1,16,14,8,11,15.6,144
43,0,1,7,109,4,7,15.6,222
44,4,1,7,5,12,11,17.3,383
45,1,1,11,58,8,7,13.3,549
46,10,1,11,49,4,4,15.6,67
47,2,0,21,108,8,7,17.3,512
48,4,1,16,95,4,7,15.6,203
49,2,1,2,8,4,11,17.3,115
50,10,1,5,43,4,3,10.1,44
51,0,1,8,40,8,7,15.6,311
52,7,0,16,87,4,7,15.6,81
53,7,1,8,109,8,10,13.3,434
54,0,1,15,55,4,11,15.6,71
55,4,1,8,77,8,7,15.6,266
56,7,1,11,49,4,4,15.6,99
57,2,1,16,55,4,7,15.6,173
58,11,1,19,22,16,7,17.3,739
59,2,1,11,49,4,7,15.6,91
60,4,1,8,78,16,7,17.3,512
61,4,1,7,109,8,7,14.0,331
62,10,1,18,55,8,7,14.0,183
63,2,1,7,109,8,7,14.0,362
64,7,1,16,55,8,7,15.6,228
65,2,1,19,18,16,10,15.6,680
66,7,1,11,77,4,8,15.6,98
67,7,1,7,43,4,2,14.0,8
68,10,1,16,55,4,11,15.6,156
69,2,1,19,18,12,11,17.3,365
70,13,1,16,55,4,4,13.5,425
71,4,1,8,78,8,7,13.3,367
72,4,1,8,78,8,7,15.6,329
73,11,1,16,17,8,4,17.3,428
74,0,1,11,49,8,11,14.0,74
75,2,1,19,17,8,11,15.6,365
76,10,1,16,55,8,12,15.6,140
77,4,1,8,109,8,4,15.6,320
78,0,1,18,39,4,11,15.6,147
79,7,1,7,11,8,4,17.3,373
80,4,1,7,109,8,7,15.6,430
81,1,1,4,54,8,10,12.0,578
82,7,1,7,55,8,7,14.0,324
83,10,0,16,76,4,4,15.6,83
84,0,0,21,88,4,11,15.6,78
85,4,1,19,18,16,4,15.6,528
86,7,1,8,27,8,7,15.6,233
87,7,1,16,55,8,7,15.6,182
88,2,1,19,21,16,4,15.6,554
89,4,1,8,109,8,7,13.3,603
90,2,0,21,107,8,11,15.6,233
91,0,1,8,40,8,11,15.6,227
92,7,1,8,109,16,10,13.3,477
93,4,1,16,21,8,7,15.6,475
94,2,1,18,55,8,7,14.0,408
95,0,1,7,109,8,7,13.3,315
96,4,1,18,95,8,11,15.6,184
97,4,1,11,95,4,7,15.6,127
98,2,1,15,7,6,7,15.6,169
99,7,1,19,17,12,4,15.6,492
100,7,1,18,78,8,7,15.6,242
101,7,0,6,83,4,8,15.6,58
102,4,1,7,77,8,11,15.6,207
103,7,1,18,40,8,7,13.3,440
104,13,1,16,55,8,7,13.5,525
105,7,1,16,14,6,7,14.0,213
106,10,1,11,49,4,11,15.6,90
107,2,1,18,14,8,7,14.0,474
108,11,1,19,18,16,7,15.6,512
109,10,1,18,55,8,7,14.0,567
110,2,1,8,40,16,7,15.6,496
111,4,1,15,60,8,7,13.3,536
112,10,1,16,55,8,7,13.3,543
113,7,1,7,109,4,8,14.0,244
114,4,1,7,109,8,7,13.3,600
115,7,1,7,109,8,7,13.3,542
116,7,1,8,109,8,10,14.0,423
117,4,1,8,14,8,7,15.6,445
118,2,1,11,8,4,11,17.3,162
119,2,1,8,14,8,7,15.6,439
120,0,1,15,55,6,11,15.6,125
121,11,1,19,22,16,7,15.6,713
122,10,1,16,14,8,7,15.6,197
123,7,1,8,12,16,10,17.3,501
124,0,0,21,88,4,7,15.6,108
125,7,1,7,43,4,8,15.6,17
126,7,1,7,109,8,11,14.0,297
127,2,0,6,83,4,3,14.0,27
128,4,1,8,78,16,7,17.3,540
129,7,1,7,109,8,7,17.3,355
130,4,1,16,101,8,11,15.6,202
131,4,1,11,95,4,11,15.6,106
132,0,1,8,109,8,7,14.0,335
133,0,1,18,39,4,7,15.6,166
134,7,1,18,55,8,11,15.6,180
135,7,1,8,109,8,7,14.0,377
136,10,1,2,45,4,11,15.6,14
137,2,1,16,17,8,4,17.3,360
138,10,1,16,8,4,11,15.6,137
139,7,1,16,55,4,7,13.3,233
140,0,1,18,39,4,11,17.3,210
141,10,1,7,106,8,7,14.0,437
142,10,1,19,19,8,7,15.6,327
143,16,1,14,49,4,8,15.6,185
144,7,0,16,87,4,7,15.6,67
145,2,1,8,109,8,7,14.0,432
146,7,1,3,48,8,10,12.5,684
147,2,1,2,45,4,11,15.6,53
148,11,1,19,22,16,7,17.3,687
149,0,1,11,49,4,11,15.6,105
150,4,1,19,17,16,10,15.6,493
151,4,1,19,17,8,11,15.6,343
152,10,1,16,55,4,4,15.6,135
153,11,1,19,21,16,7,17.3,658
154,7,1,18,55,4,7,14.0,422
155,7,1,7,77,6,7,15.6,195
156,10,1,15,55,4,7,14.0,197
157,2,1,7,55,8,7,13.3,517
158,4,1,8,109,8,7,15.6,408
159,16,1,13,49,4,8,15.6,105
160,2,0,21,93,4,11,15.6,85
161,0,1,7,40,4,7,17.3,292
162,4,1,7,77,8,7,15.6,246
163,10,1,19,18,16,7,15.6,420
164,0,1,2,45,4,11,15.6,57
165,11,1,19,21,16,7,15.6,636
166,0,1,2,46,4,11,15.6,63
167,4,1,19,17,8,4,15.6,415
168,0,1,7,40,8,7,17.3,319
169,7,1,7,109,4,8,13.3,262
170,8,1,16,55,8,7,13.0,528
171,7,1,16,77,6,12,17.3,233
172,10,0,20,87,4,8,15.6,42
173,16,1,15,55,4,8,15.6,130
174,7,1,7,11,8,7,17.3,354
175,4,1,15,55,8,11,15.6,110
176,0,1,11,49,4,4,15.6,106
177,11,1,20,4,32,10,18.4,762
178,10,1,16,75,8,4,15.6,298
179,7,1,7,109,8,7,13.3,575
180,4,1,8,78,16,7,15.6,408
181,4,1,7,109,8,7,13.3,543
182,10,1,8,109,16,10,13.9,645
183,16,1,16,55,8,4,15.6,283
184,18,1,7,40,8,7,15.6,478
185,4,1,8,5,16,10,17.3,588
186,4,1,19,17,16,10,15.6,731
187,10,1,16,17,8,7,15.6,274
188,0,1,3,54,8,7,13.3,378
189,4,1,8,78,8,4,17.3,424
190,10,1,18,55,16,11,14.0,765
191,17,1,2,45,4,2,14.0,18
192,18,1,16,40,8,7,13.3,384
193,10,1,7,40,8,7,17.3,232
194,4,1,8,109,8,11,13.3,310
195,7,1,7,11,8,11,17.3,351
196,14,1,20,24,32,11,17.3,790
197,7,1,7,109,8,10,13.3,368
198,7,1,19,17,16,7,17.3,536
199,7,1,8,12,8,7,17.3,405
200,4,1,19,21,16,10,15.6,644
201,10,1,14,49,4,4,15.6,133
202,0,1,18,14,8,11,15.6,255
203,10,1,19,21,16,10,15.6,624
204,4,1,21,66,16,7,15.6,773
205,10,1,19,21,16,10,15.6,541
206,4,1,15,55,6,11,15.6,99
207,4,1,8,109,8,7,13.3,671
208,4,1,8,109,8,7,13.3,554
209,10,1,16,55,8,7,15.6,178
210,0,1,19,17,8,11,15.6,274
211,2,1,19,17,16,7,17.3,546
212,7,1,11,49,4,8,15.6,58
213,10,1,16,55,8,7,15.6,156
214,8,1,18,55,8,10,13.0,575
215,4,1,8,78,8,7,13.3,357
216,10,1,16,27,8,11,17.3,175
217,7,1,8,11,8,7,14.0,401
218,4,1,7,109,8,7,14.0,455
219,4,1,8,109,16,10,13.3,504
220,4,1,7,77,8,7,15.6,220
221,10,1,7,109,8,7,14.0,343
222,16,1,16,49,8,7,13.3,531
223,7,1,7,109,8,11,15.6,284
224,4,1,19,21,16,7,17.3,741
225,0,1,18,14,8,7,15.6,306
226,4,1,18,101,16,11,15.6,323
227,2,1,16,9,8,7,15.6,267
228,2,1,16,28,8,7,17.3,337
229,7,1,18,1,8,11,15.6,500
230,2,1,15,55,4,11,15.6,82
231,7,0,6,83,4,8,15.6,49
232,10,1,19,21,16,7,15.6,575
233,4,1,16,55,8,7,14.0,322
234,0,1,14,49,8,7,13.3,227
235,4,1,18,101,16,7,15.6,343
236,0,1,11,49,4,11,15.6,75
237,2,0,16,95,4,4,15.6,168
238,2,1,20,24,32,10,17.3,784
239,0,1,16,17,8,7,15.6,313
240,10,1,11,49,8,4,15.6,175
241,2,1,8,5,8,4,17.3,454
242,2,1,18,28,8,4,17.3,336
243,4,1,16,17,8,7,15.6,331
244,10,1,18,55,8,7,13.9,420
245,4,1,8,78,8,4,15.6,376
246,7,1,16,55,8,11,15.6,161
247,2,1,20,24,16,7,17.3,771
248,7,1,7,109,4,8,13.3,219
249,1,1,22,61,8,10,13.3,688
250,4,1,8,109,8,11,15.6,301
251,2,1,19,35,16,7,17.3,636
252,2,0,21,93,4,11,15.6,118
253,10,1,8,109,8,10,13.9,645
254,0,1,18,39,4,7,17.3,234
255,4,1,7,109,8,7,13.3,365
256,7,0,16,87,8,4,15.6,104
257,7,1,8,40,16,11,17.3,413
258,11,1,19,22,16,10,17.3,742
259,10,1,19,19,8,10,15.6,615
260,4,1,8,78,8,4,17.3,448
261,10,1,11,49,4,7,15.6,103
262,7,1,7,55,4,8,15.6,244
263,4,1,16,55,4,11,15.6,212
264,4,1,16,95,8,11,15.6,163
265,4,1,7,109,8,7,15.6,290
266,2,1,8,109,8,10,13.3,575
267,10,1,16,55,4,11,15.6,116
268,7,1,8,12,8,11,17.3,394
269,10,1,8,109,8,7,15.6,333
270,1,1,20,59,8,10,13.3,673
271,2,0,21,108,16,7,17.3,588
272,4,1,8,77,8,7,15.6,250
273,10,1,17,49,16,10,14.0,742
274,16,1,16,10,8,8,15.6,297
275,4,1,18,55,12,11,15.6,239
276,4,1,8,78,8,4,17.3,432
277,0,1,8,39,8,11,15.6,257
278,10,1,11,49,4,11,17.3,130
279,10,1,8,40,8,12,17.3,316
280,10,1,18,14,6,4,17.3,322
281,4,1,11,95,4,11,15.6,95
282,10,1,16,17,8,7,15.6,303
283,10,1,16,55,6,7,15.6,170
284,0,1,8,40,8,7,15.6,366
285,0,1,18,55,12,11,15.6,213
286,10,1,18,57,8,7,15.6,431
287,2,1,16,14,8,7,15.6,373
288,10,1,19,18,16,7,15.6,465
289,10,1,18,14,8,11,15.6,214
290,0,1,6,42,2,1,15.6,3
291,2,1,19,17,8,11,17.3,470
292,7,1,11,49,8,11,17.3,130
293,4,1,19,17,8,7,15.6,642
294,10,1,7,109,8,7,15.6,253
295,10,1,19,21,8,11,15.6,512
296,0,1,19,18,8,7,15.6,374
297,4,1,20,66,16,7,17.3,768
298,10,0,15,89,6,11,15.6,137
299,2,1,18,14,16,10,15.6,559
300,2,1,15,55,4,4,14.0,139
301,2,1,19,22,16,7,17.3,702
302,10,1,16,26,6,11,17.3,208
303,10,1,16,14,8,12,15.6,156
304,2,1,19,18,8,4,15.6,498
305,10,1,2,46,4,11,15.6,61
306,7,1,19,55,16,7,13.3,679
307,16,1,16,10,8,7,15.6,404
308,10,1,16,14,8,4,15.6,301
309,7,1,11,49,4,11,15.6,118
310,10,1,16,55,8,7,13.3,383
311,4,1,8,109,16,11,13.3,742
312,11,1,19,22,16,7,15.6,700
313,0,0,13,88,8,7,15.6,118
314,2,1,2,45,2,2,11.6,26
315,4,1,7,78,8,4,15.6,312
316,7,1,8,109,16,11,13.3,739
317,10,1,7,47,4,1,13.3,111
318,7,1,16,55,8,7,14.0,375
319,0,1,7,44,4,4,11.6,127
320,7,1,18,55,8,7,14.0,508
321,10,1,16,8,4,11,17.3,175
322,2,1,18,55,8,7,14.0,427
323,7,1,8,109,8,11,15.6,345
324,0,0,18,105,8,7,15.6,213
325,10,1,2,45,4,2,14.0,34
326,0,1,16,55,6,11,15.6,156
327,2,1,18,14,8,7,15.6,411
328,7,1,18,55,8,7,12.5,522
329,4,1,19,17,32,11,15.6,752
330,11,1,19,18,8,7,17.3,478
331,16,1,16,55,8,7,15.6,363
332,2,1,18,55,8,7,14.0,521
333,10,1,11,49,4,11,15.6,106
334,2,1,19,17,8,7,15.6,383
335,7,1,17,55,8,7,14.0,499
336,4,1,7,14,8,4,15.6,408
337,7,1,16,55,8,7,15.6,452
338,2,1,2,45,4,11,15.6,25
339,4,1,7,14,8,7,15.6,450
340,4,1,7,42,4,8,15.6,24
341,10,0,24,78,12,12,15.6,343
342,7,1,15,12,8,11,15.6,241
343,10,1,8,109,16,10,13.9,700
344,4,1,8,109,8,7,13.3,591
345,10,1,19,18,16,7,15.6,444
346,7,1,7,43,2,2,14.0,29
347,4,1,9,109,16,10,15.6,598
348,2,1,2,45,4,2,11.6,68
349,4,1,7,78,8,11,15.6,215
350,4,1,19,17,16,10,15.6,686
351,7,1,18,55,8,7,15.6,514
352,11,1,19,21,8,4,17.3,547
353,7,1,19,66,8,7,15.6,621
354,16,1,16,10,16,10,15.6,545
355,4,1,8,78,8,4,15.6,371
356,10,1,2,45,4,11,15.6,45
357,4,1,16,17,8,11,15.6,383
358,4,1,16,55,8,12,15.6,159
359,4,1,17,55,8,7,14.0,552
360,7,1,11,49,4,8,15.6,99
361,2,1,16,55,8,7,14.0,364
362,10,1,16,27,6,4,17.3,242
363,7,1,16,55,8,11,15.6,203
364,10,1,11,9,8,7,15.6,137
365,7,1,7,44,8,12,15.6,74
366,4,1,7,78,8,4,17.3,424
367,10,1,16,17,8,4,15.6,295
368,4,1,18,101,8,7,15.6,343
369,7,1,18,55,8,7,14.0,625
370,2,1,18,16,12,10,15.6,432
371,0,0,21,88,4,4,15.6,94
372,2,0,21,108,16,7,17.3,709
373,10,0,13,88,4,4,17.3,130
374,4,1,8,109,8,7,13.3,328
375,7,0,21,88,4,7,15.6,129
376,10,1,2,45,4,4,11.6,158
377,4,1,7,43,4,8,15.6,42
378,2,1,2,45,4,2,14.0,30
379,0,1,19,17,8,11,15.6,313
380,7,1,19,17,8,4,17.3,472
381,10,1,11,49,4,4,15.6,86
382,2,1,19,21,8,4,15.6,605
383,10,1,16,14,8,7,14.0,432
384,2,1,18,55,16,10,13.3,623
385,10,1,18,55,8,10,14.0,719
386,10,1,15,55,4,4,13.3,156
387,4,1,17,2,8,8,15.6,533
388,4,1,18,66,8,7,15.6,703
389,10,1,18,55,16,10,14.0,744
390,2,1,19,17,8,11,17.3,403
391,2,1,19,18,16,7,17.3,594
392,0,1,7,39,12,11,15.6,230
393,11,1,19,18,8,7,17.3,528
394,4,1,18,101,8,7,15.6,273
395,7,0,21,77,4,7,15.6,137
396,10,1,8,106,8,7,15.6,490
397,10,1,16,55,8,7,14.0,360
398,4,1,19,66,8,7,15.6,757
399,10,1,18,55,16,11,14.0,751
400,10,1,2,45,4,11,15.6,41
401,2,1,19,17,16,7,17.3,582
402,10,1,7,106,8,7,15.6,453
403,0,1,19,17,8,7,15.6,331
404,11,1,19,22,16,7,17.3,714
405,2,1,18,55,8,10,14.0,654
406,16,1,16,49,16,10,13.3,622
407,4,1,19,42,8,10,14.0,611
408,10,1,11,49,4,8,15.6,87
409,10,1,2,45,2,2,11.6,40
410,10,1,19,66,8,10,15.6,666
411,10,1,19,16,8,10,14.0,669
412,7,1,11,77,4,11,15.6,118
413,0,1,16,49,8,7,13.3,281
414,2,1,16,55,8,7,13.3,355
415,4,1,16,95,4,7,15.6,181
416,4,1,11,49,4,4,13.3,227
417,7,1,16,49,8,7,14.0,576
418,4,1,16,55,8,11,15.6,150
419,10,1,8,106,8,7,14.0,484
420,10,1,19,17,16,10,15.6,661
421,3,1,2,45,6,3,12.3,106
422,7,1,20,57,8,7,15.6,552
423,2,1,15,14,8,11,15.6,178
424,4,1,20,22,16,7,17.3,762
425,4,1,19,18,8,4,15.6,459
426,4,1,8,78,8,7,15.6,449
427,4,1,19,55,8,7,14.0,432
428,7,1,19,22,12,7,17.3,682
429,12,1,2,45,4,2,11.6,38
430,15,1,7,43,4,1,11.6,20
431,10,1,18,55,8,7,13.3,390
432,10,1,18,55,4,4,14.0,183
433,10,1,19,14,16,10,15.6,738
434,10,1,20,69,16,10,15.6,739
435,2,0,23,108,8,7,17.3,614
436,7,1,7,43,4,8,15.6,56
437,6,1,4,54,16,10,12.3,709
438,10,1,18,55,24,10,14.0,730
439,2,1,16,55,4,7,15.6,161
440,10,0,16,86,8,11,17.3,140
441,4,1,7,78,4,7,15.6,258
442,10,1,16,55,8,7,12.5,553
443,10,1,2,46,4,4,15.6,58
444,7,1,19,17,8,4,15.6,432
445,4,1,19,11,8,7,14.0,465
446,0,1,16,55,4,8,15.6,100
447,4,1,21,73,8,3,15.6,681
448,11,1,16,17,8,7,15.6,398
449,13,1,16,60,16,10,13.5,747
450,7,1,16,55,8,4,15.6,175
451,4,1,18,73,16,7,15.6,679
452,7,1,20,55,8,10,15.6,583
453,10,1,16,55,8,7,14.0,526
454,4,1,8,78,8,4,15.6,374
455,4,1,7,44,4,8,11.6,125
456,4,1,18,21,8,11,17.3,690
457,13,1,13,54,4,4,13.5,378
458,13,1,16,60,8,7,13.5,636
459,7,1,11,49,8,7,17.3,205
460,0,1,11,14,4,11,15.6,152
461,0,1,7,43,4,4,11.6,97
462,2,1,16,55,8,11,15.6,258
463,10,1,18,102,8,10,14.0,290
464,10,1,20,69,8,7,15.6,698
465,2,1,2,45,4,8,15.6,39
466,0,1,11,27,4,8,15.6,118
467,4,1,7,78,8,12,15.6,264
468,7,1,19,21,12,11,17.3,615
469,10,1,17,49,12,7,14.0,647
470,7,1,8,109,8,10,13.3,682
471,7,1,16,1,8,8,15.6,457
472,6,1,3,54,8,4,12.3,503
473,4,1,7,109,8,7,13.3,643
474,2,1,17,50,12,4,15.6,512
475,4,1,14,49,8,4,14.0,254
476,4,1,19,66,8,7,15.6,733
477,10,1,16,55,8,5,14.0,532
478,4,1,7,77,8,11,15.6,219
479,16,1,16,55,8,7,13.3,608
480,4,1,8,14,8,10,15.6,496
481,4,1,15,55,4,11,15.6,174
482,7,1,7,109,4,4,13.3,245
483,3,1,5,42,4,3,15.6,12
484,10,1,11,49,4,4,15.6,163
485,10,1,7,109,8,7,14.0,408
486,4,1,18,73,16,10,15.6,725
487,4,1,19,17,16,10,15.6,661
488,10,1,18,55,16,10,12.5,635
489,2,1,18,55,16,10,12.5,672
490,10,1,16,14,8,7,15.6,392
491,16,1,18,55,32,10,13.3,762
492,2,1,19,17,8,4,15.6,529
493,0,0,16,105,8,11,15.6,170
494,2,1,17,32,24,7,17.3,500
495,10,1,14,49,8,5,12.5,432
496,10,1,8,109,8,7,15.6,341
497,7,1,19,55,8,11,14.0,624
498,10,1,15,55,8,7,13.3,365
499,10,1,16,55,8,7,15.6,349
500,2,1,2,45,4,3,11.6,52
501,7,1,16,77,8,7,15.6,194
502,10,1,7,109,8,7,13.9,596
503,10,1,2,45,4,8,14.0,38
504,10,1,7,43,4,1,11.6,19
505,10,1,16,55,8,7,13.3,365
506,2,1,18,55,8,7,15.6,487
507,0,1,7,40,4,11,15.6,189
508,7,1,18,55,8,10,13.3,518
509,10,1,19,21,8,7,15.6,455
510,4,1,16,55,8,4,13.3,343
511,0,1,18,14,4,8,15.6,203
512,4,1,16,55,8,11,15.6,308
513,4,1,8,78,16,7,15.6,486
514,18,1,8,40,16,7,15.6,544
515,2,1,2,45,2,2,11.6,11
516,7,1,7,109,4,11,15.6,142
517,2,1,19,38,24,10,15.6,770
518,7,1,16,11,8,7,15.6,336
519,2,1,19,36,16,7,17.3,577
520,10,1,19,21,8,7,15.6,543
521,7,1,18,55,8,7,13.3,543
522,4,1,17,55,8,7,14.0,505
523,7,1,11,49,4,4,15.6,227
524,4,1,7,78,8,4,17.3,336
525,10,1,14,49,8,7,14.0,525
526,10,1,18,8,4,11,15.6,290
527,10,1,11,9,8,12,15.6,110
528,4,1,16,95,4,8,15.6,172
529,4,1,19,55,8,7,15.6,535
530,4,1,19,22,16,4,17.3,772
531,16,1,16,55,8,8,15.6,324
532,2,1,18,31,8,7,15.6,512
533,12,1,2,45,4,2,13.3,67
534,2,1,16,21,8,4,15.6,603
535,4,1,19,11,8,7,15.6,533
536,4,1,7,78,8,7,15.6,287
537,7,1,7,44,4,7,15.6,82
538,7,1,19,21,12,11,17.3,636
539,10,1,18,14,8,7,14.0,322
540,4,1,8,109,8,7,13.3,543
541,4,1,11,49,4,4,14.0,251
542,7,1,18,55,8,7,13.3,454
543,0,1,16,17,8,11,15.6,288
544,2,0,8,84,4,8,15.6,58
545,7,1,15,55,4,4,15.6,236
546,10,1,16,55,4,8,14.0,277
547,10,1,14,49,4,11,15.6,112
548,7,1,11,49,4,8,15.6,79
549,10,1,18,55,8,10,15.6,620
550,10,1,11,49,4,4,15.6,137
551,4,1,16,55,8,7,15.6,438
552,4,1,19,22,16,7,17.3,756
553,7,1,11,49,8,11,17.3,153
554,7,1,18,11,8,11,17.3,506
555,2,1,2,45,4,8,15.6,7
556,12,1,5,42,4,2,13.3,15
557,10,1,18,14,6,4,17.3,365
558,7,0,16,78,6,4,15.6,164
559,4,1,11,93,4,11,15.6,193
560,0,1,11,45,4,2,11.6,58
561,10,1,18,55,4,4,15.6,198
562,7,1,3,48,16,10,13.3,676
563,10,1,19,74,8,7,17.3,771
564,2,1,16,17,8,4,15.6,310
565,4,1,7,109,8,4,13.3,596
566,4,1,17,55,4,8,15.6,368
567,5,1,16,55,8,11,15.6,253
568,10,1,2,46,4,8,15.6,53
569,10,1,16,55,4,8,14.0,380
570,7,1,19,66,8,8,17.3,649
571,7,1,7,44,8,12,14.0,74
572,7,0,21,78,6,7,15.6,208
573,10,1,16,55,8,7,15.6,304
574,10,1,7,55,4,8,15.6,226
575,12,1,5,42,4,2,14.0,13
576,16,1,18,55,16,10,14.0,650
577,10,1,18,22,32,7,17.3,754
578,11,1,20,22,16,10,17.3,758
579,4,1,18,95,8,7,15.6,259
580,12,1,2,45,4,2,14.0,74
581,4,1,17,55,8,8,15.6,387
582,7,1,15,55,4,4,13.3,242
583,4,1,19,11,16,7,15.6,585
584,4,1,7,43,4,1,11.6,35
585,11,1,18,35,16,4,17.3,727
586,7,1,19,17,16,7,17.3,574
587,10,1,17,49,12,7,14.0,609
588,10,1,8,55,12,11,15.6,187
589,2,1,16,21,8,4,17.3,631
590,2,1,16,49,8,11,15.6,253
591,10,0,24,78,12,10,15.6,365
592,4,1,1,54,4,4,11.6,186
593,15,1,19,17,16,4,15.6,615
594,10,1,11,49,4,8,17.3,146
595,10,1,14,49,8,11,15.6,110
596,10,1,18,55,8,10,13.3,685
597,10,1,16,57,8,7,14.0,562
598,4,1,16,55,8,7,12.5,607
599,4,1,19,73,8,7,15.6,628
600,7,1,18,55,8,7,15.6,485
601,7,1,15,55,4,8,15.6,217
602,0,1,2,45,4,2,14.0,48
603,11,1,18,33,16,4,17.3,709
604,4,1,11,93,4,11,15.6,113
605,11,1,19,21,16,7,15.6,722
606,16,1,16,49,8,7,15.6,543
607,10,1,16,55,6,11,15.6,162
608,10,1,19,57,8,7,15.6,512
609,0,1,7,44,4,4,14.0,58
610,10,1,22,69,32,11,15.6,788
611,4,1,17,30,16,11,15.6,332
612,4,1,11,49,4,11,15.6,101
613,4,1,11,49,4,11,15.6,60
614,4,1,17,55,4,8,15.6,327
615,2,1,19,17,8,4,17.3,463
616,4,1,16,93,4,4,15.6,165
617,7,1,18,55,8,10,15.6,538
618,11,1,19,22,16,7,15.6,717
619,0,1,7,43,4,2,11.6,69
620,7,1,17,55,8,7,14.0,442
621,10,1,14,49,8,7,14.0,558
622,4,1,7,78,4,11,15.6,272
623,5,1,16,55,8,7,15.6,290
624,7,1,14,49,4,8,15.6,358
625,10,1,18,8,8,11,15.6,343
626,12,1,5,42,2,2,14.0,9
627,10,1,16,55,4,4,15.6,117
628,2,1,16,55,6,11,13.3,204
629,4,1,19,17,8,7,15.6,640
630,2,1,18,55,16,10,14.0,662
631,4,1,19,18,16,7,15.6,566
632,10,1,7,109,4,7,15.6,303
633,10,1,11,9,4,11,15.6,170
634,2,1,2,45,8,11,15.6,83
635,2,1,16,17,8,11,15.6,346
636,4,1,7,109,8,7,13.3,652
637,10,1,7,43,2,2,14.0,13
638,10,1,18,55,8,7,13.3,626
639,4,1,19,17,16,11,15.6,732
640,10,1,19,19,8,4,15.6,436
641,7,0,21,88,8,11,17.0,141
642,10,1,18,55,16,10,14.0,740
643,2,1,19,18,8,11,15.6,464
644,0,1,11,49,4,8,15.6,107
645,10,1,7,42,4,2,14.0,23
646,0,1,16,41,8,7,14.0,353
647,14,1,19,21,16,7,14.0,749
648,16,1,14,49,8,7,13.3,483
649,10,1,18,55,8,7,12.5,592
650,2,1,18,24,32,10,17.3,762
651,0,1,16,17,8,11,15.6,238
652,4,1,7,109,8,7,13.3,555
653,11,1,19,18,8,4,15.6,473
654,7,1,11,49,4,8,15.6,64
655,16,1,16,55,8,8,15.6,417
656,4,1,8,78,8,7,15.6,353
657,4,1,8,78,16,7,15.6,446
658,10,1,17,29,8,4,15.6,476
659,4,1,19,22,32,10,17.3,776
660,4,1,15,49,8,7,14.0,489
661,10,1,2,45,4,8,15.6,93
662,10,1,14,49,4,8,15.6,148
663,7,1,11,95,6,11,15.6,149
664,11,1,19,21,8,4,17.3,569
665,16,1,12,49,4,4,15.6,135
666,4,1,16,55,8,11,15.6,367
667,7,1,18,78,8,11,15.6,257
668,16,1,16,55,8,7,15.6,494
669,0,1,11,49,4,4,15.6,89
670,13,1,19,60,8,7,13.5,651
671,10,1,16,95,8,4,15.6,299
672,10,1,16,55,8,7,13.3,402
673,10,0,13,84,4,4,15.6,58
674,7,1,15,14,4,4,14.0,233
675,11,1,19,17,16,7,15.6,509
676,2,1,16,55,8,7,14.0,446
677,7,1,2,45,8,3,11.6,134
678,9,1,8,55,8,10,15.6,722
679,0,1,16,18,16,7,15.6,512
680,11,1,16,17,8,7,15.6,381
681,2,1,2,45,4,4,15.6,93
682,4,1,16,21,16,4,15.6,695
683,7,1,11,90,4,7,17.3,233
684,10,1,8,109,8,10,13.3,575
685,4,1,20,22,16,7,15.6,764
686,7,1,16,77,4,8,15.6,188
687,4,1,11,95,4,11,15.6,154
688,7,0,15,100,6,12,17.3,165
689,10,1,7,47,4,8,15.6,43
690,0,1,7,47,4,2,14.0,68
691,10,1,16,55,4,7,14.0,233
692,7,1,19,66,8,8,17.3,664
693,10,1,18,55,8,7,14.0,748
694,16,1,16,55,8,7,13.3,372
695,0,1,7,42,4,2,11.6,20
696,10,1,18,55,16,10,14.0,624
697,2,1,0,48,4,3,12.5,218
698,16,1,16,49,16,10,13.3,656
699,7,1,18,78,4,8,15.6,227
700,4,1,16,17,8,11,15.6,301
701,10,0,20,78,4,7,15.6,83
702,10,0,24,96,8,11,15.6,96
703,10,1,16,55,4,11,15.6,196
704,10,1,11,49,4,8,15.6,107
705,4,1,16,55,8,7,15.6,285
706,0,1,7,109,8,7,13.3,383
707,10,1,16,72,16,10,15.6,646
708,10,1,14,49,8,7,14.0,472
709,7,0,16,78,6,12,17.3,211
710,10,1,19,18,8,4,15.6,492
711,4,1,19,11,8,7,14.0,425
712,4,1,16,55,8,11,15.6,245
713,2,1,2,45,4,2,14.0,37
714,4,1,17,55,16,10,15.6,551
715,10,1,16,8,8,7,14.0,321
716,4,1,17,55,8,7,15.6,465
717,10,0,11,86,4,8,15.6,37
718,12,1,10,43,4,2,14.0,19
719,7,1,18,11,8,7,17.3,479
720,10,1,16,49,8,10,14.0,612
721,7,1,16,55,8,7,13.3,309
722,10,1,16,55,8,7,14.0,575
723,4,1,19,22,32,11,17.3,783
724,11,1,19,18,8,4,17.3,527
725,10,1,16,55,4,11,15.6,131
726,4,1,7,78,8,4,15.6,242
727,4,1,15,55,4,11,13.3,208
728,4,1,16,101,8,11,15.6,176
729,7,0,21,77,4,11,15.6,130
730,0,1,17,21,16,4,17.3,668
731,4,1,16,55,12,11,15.6,208
732,7,0,21,77,6,4,15.6,209
733,0,1,16,55,4,8,15.6,161
734,10,1,16,55,8,7,13.3,369
735,10,1,18,55,4,11,15.6,274
736,7,1,19,68,16,7,15.6,735
737,4,1,7,109,8,11,13.3,213
738,11,1,19,21,16,7,15.6,699
739,0,1,11,49,4,8,15.6,88
740,4,1,18,14,8,4,15.6,481
741,4,1,11,49,8,7,15.6,216
742,16,1,16,55,8,7,14.0,584
743,10,1,16,55,8,7,14.0,383
744,10,1,19,72,16,11,15.6,780
745,0,1,7,43,2,2,14.0,49
746,15,1,18,55,16,7,13.3,603
747,7,1,11,49,8,7,15.6,149
748,4,1,16,55,8,7,14.0,443
749,7,1,20,67,16,7,17.3,787
750,10,1,7,43,4,4,11.6,121
751,7,1,15,49,8,7,15.6,662
752,2,1,14,28,4,11,15.6,170
753,10,1,14,49,4,5,14.0,429
754,2,1,18,55,4,7,15.6,317
755,10,1,8,52,8,7,13.3,478
756,7,1,16,17,8,4,15.6,432
757,7,1,17,65,8,7,15.6,590
758,4,1,19,22,16,7,15.6,767
759,0,1,16,55,4,7,15.6,183
760,10,1,19,17,8,4,15.6,407
761,4,1,19,55,16,7,12.5,648
762,6,1,3,54,8,7,12.3,589
763,2,1,16,55,8,7,13.3,444
764,4,1,11,49,4,8,13.3,316
765,0,1,14,49,4,4,13.3,210
766,2,1,2,8,4,11,17.3,120
767,4,1,17,31,16,4,15.6,432
768,15,1,18,55,8,7,13.3,596
769,0,1,2,46,4,11,15.6,37
770,4,1,18,101,16,7,15.6,467
771,15,1,18,79,16,7,15.0,636
772,16,1,14,49,4,4,14.0,396
773,4,1,19,17,8,11,15.6,432
774,7,1,14,49,4,7,12.5,491
775,2,1,18,14,12,12,15.6,310
776,10,1,18,67,16,10,15.6,729
777,0,1,15,55,4,4,14.0,199
778,14,1,19,21,16,10,14.0,769
779,2,1,2,46,8,4,15.6,171
780,4,1,19,23,32,11,17.3,782
781,2,1,17,22,16,7,17.3,728
782,16,1,17,10,16,10,14.0,629
783,10,1,7,44,8,11,15.6,48
784,10,1,18,55,16,10,14.0,722
785,11,1,19,21,16,7,14.0,659
786,11,1,16,17,8,4,15.6,425
787,10,1,19,17,4,11,15.6,383
788,0,1,19,21,16,7,17.3,722
789,4,1,16,17,8,7,15.6,376
790,2,1,19,37,8,4,15.6,523
791,17,1,2,45,4,2,14.0,4
792,10,1,18,55,8,10,13.3,678
793,10,1,16,102,8,7,15.6,368
794,1,1,3,51,8,10,12.0,461
795,10,1,16,55,8,7,14.0,724
796,2,1,2,45,4,2,14.0,38
797,4,1,16,55,8,4,15.6,296
798,10,1,18,55,8,7,13.9,528
799,4,1,11,94,8,7,15.6,253
800,7,1,19,68,8,7,15.6,696
801,2,1,16,55,8,7,15.6,432
802,4,1,16,55,8,7,13.3,575
803,4,1,16,17,8,7,15.6,624
804,4,1,2,46,4,4,11.6,256
805,7,1,17,55,8,7,12.5,538
806,16,1,14,49,4,8,15.6,275
807,7,0,16,97,8,12,15.6,197
808,4,1,19,18,16,10,15.6,610
809,10,1,16,7,4,11,15.6,187
810,7,1,19,108,12,11,17.3,624
811,11,1,19,22,16,10,17.3,734
812,15,1,16,55,8,7,13.3,575
813,4,1,18,16,8,11,15.6,370
814,4,1,16,93,8,7,15.6,282
815,10,1,18,55,8,7,14.0,648
816,14,1,16,55,16,10,12.5,636
817,7,1,7,43,4,1,11.6,72
818,4,1,19,21,16,4,17.3,743
819,4,1,14,49,4,8,14.0,263
820,10,1,11,49,4,8,15.6,131
821,16,1,16,55,4,4,14.0,426
822,10,1,18,55,8,10,14.0,742
823,11,1,16,17,8,7,15.6,478
824,10,1,16,55,8,7,14.0,655
825,16,1,12,47,4,4,14.0,137
826,2,1,16,55,8,7,13.3,530
827,4,1,11,49,4,8,14.0,172
828,0,1,7,43,4,2,11.6,59
829,0,1,15,55,8,4,14.0,195
830,14,1,20,24,32,10,17.3,789
831,10,1,17,49,16,10,14.0,700
832,2,1,16,6,4,11,15.6,140
833,10,1,14,49,8,7,14.0,469
834,10,1,17,55,8,7,14.0,604
835,4,1,19,22,16,7,15.6,761
836,2,1,19,22,16,7,17.3,735
837,16,1,15,55,4,8,15.6,218
838,10,1,7,43,4,1,14.0,47
839,2,1,16,55,8,4,15.6,177
840,2,1,17,21,16,10,17.3,636
841,4,1,19,22,32,10,17.3,774
842,7,1,16,11,8,11,17.3,348
843,4,1,16,55,8,4,15.6,240
844,7,1,16,49,8,10,14.0,653
845,4,1,18,93,4,7,15.6,253
846,7,1,2,45,4,2,11.6,191
847,2,1,14,13,8,10,13.3,397
848,7,1,16,55,8,7,13.3,718
849,7,1,16,49,8,10,14.0,559
850,7,1,7,43,4,4,15.6,38
851,2,1,19,21,16,4,15.6,661
852,4,1,18,101,8,11,17.3,325
853,10,1,19,16,8,7,14.0,663
854,2,1,18,25,8,7,15.6,278
855,4,1,16,55,8,4,15.6,364
856,2,1,2,46,4,11,15.6,106
857,7,1,19,55,8,7,13.3,746
858,4,1,14,49,8,11,13.3,208
859,10,1,11,49,4,11,15.6,118
860,10,1,16,55,8,11,15.6,318
861,7,1,17,103,8,7,15.6,528
862,16,1,16,55,4,4,13.3,507
863,10,1,16,17,8,11,15.6,393
864,4,1,16,60,16,10,13.3,712
865,7,1,14,49,4,8,15.6,348
866,16,1,14,49,8,7,13.3,428
867,10,1,18,55,8,7,13.3,672
868,0,1,16,55,8,7,14.0,345
869,4,1,19,73,8,11,15.6,633
870,10,1,16,55,4,8,15.6,412
871,10,1,11,95,4,11,15.6,125
872,16,1,18,55,8,7,15.6,537
873,10,1,15,55,4,5,13.3,249
874,15,1,18,14,16,7,15.0,645
875,4,1,19,55,8,7,12.5,613
876,2,1,2,46,4,11,15.6,82
877,18,1,14,14,8,7,13.3,359
878,4,1,16,14,4,4,15.6,350
879,7,1,16,55,4,7,15.6,310
880,7,1,16,55,4,7,13.3,616
881,7,1,16,55,4,8,15.6,224
882,2,1,2,45,4,2,14.1,57
883,10,1,16,14,8,11,15.6,218
884,4,1,7,42,4,8,15.6,67
885,7,1,16,55,4,7,13.3,636
886,4,1,11,94,4,11,15.6,109
887,2,1,16,17,12,4,17.3,534
888,0,1,7,43,4,2,11.6,36
889,10,0,13,85,4,8,17.3,69
890,7,1,16,55,4,4,14.0,498
891,7,1,18,55,16,7,13.3,543
892,15,1,18,55,8,7,15.0,615
893,10,1,16,55,8,7,14.0,636
894,11,1,17,21,16,10,17.3,753
895,16,1,16,55,8,7,13.3,563
896,4,1,19,20,8,11,15.6,356
897,7,1,18,11,8,11,15.6,344
898,4,1,11,94,4,11,15.6,190
899,4,1,17,55,8,8,15.6,359
900,4,1,4,54,8,10,13.3,683
901,2,1,18,35,32,7,17.3,504
902,4,1,4,54,16,7,13.3,603
903,10,1,18,55,8,7,14.0,692
904,10,1,16,55,8,10,15.6,675
905,9,1,18,55,16,10,15.6,700
906,7,1,18,55,8,10,12.5,568
907,0,1,6,42,4,1,15.6,60
908,10,1,14,31,8,4,15.6,280
909,9,1,18,55,8,10,14.0,661
910,4,1,19,55,8,7,14.0,480
911,7,1,3,48,8,6,12.5,775
912,10,1,18,14,6,7,15.6,280
913,7,1,18,11,8,7,15.6,395
914,0,1,15,55,4,11,15.6,137
915,10,1,16,55,4,4,13.3,334
916,7,1,16,55,8,7,13.3,369
917,11,1,19,18,16,7,17.3,596
918,4,1,19,18,16,4,15.6,528
919,11,1,16,17,8,4,15.6,441
920,4,1,16,93,4,11,15.6,225
921,7,1,16,99,8,7,15.6,510
922,7,1,18,55,8,7,13.3,455
923,16,1,17,10,16,7,15.6,679
924,10,1,16,55,8,10,13.3,641
925,4,1,14,49,4,8,15.6,248
926,10,1,18,55,8,7,12.5,604
927,7,1,14,49,8,7,15.6,461
928,4,1,16,55,4,11,15.6,237
929,7,1,14,49,4,8,14.0,455
930,10,1,2,46,4,11,15.6,42
931,7,1,14,49,4,8,12.5,591
932,7,1,7,43,4,11,15.6,32
933,10,1,13,58,16,11,13.3,636
934,16,1,14,49,4,4,14.0,435
935,7,1,14,49,8,7,12.5,606
936,4,1,11,49,4,11,15.6,160
937,11,1,19,17,8,4,15.6,478
938,4,1,16,55,8,7,14.0,602
939,4,1,18,24,16,10,17.3,760
940,7,1,14,32,8,4,17.3,543
941,2,1,7,8,4,11,17.3,147
942,0,1,16,55,4,8,15.6,195
943,16,1,14,49,8,7,15.6,440
944,10,1,3,48,8,7,11.3,512
945,10,0,12,104,16,10,15.6,383
946,4,1,16,42,8,7,12.5,561
947,10,1,18,8,8,11,15.6,226
948,4,1,11,101,4,11,17.3,213
949,0,1,7,43,4,2,14.0,58
950,7,1,18,65,8,0,15.6,714
951,4,1,19,55,8,7,14.0,632
952,16,1,14,49,8,7,13.3,557
953,2,1,3,48,8,3,12.5,459
954,10,1,17,49,8,7,14.0,570
955,4,1,19,22,16,10,17.3,778
956,4,1,3,54,8,7,13.3,661
957,7,1,2,46,4,7,11.6,271
958,4,1,16,49,8,7,13.3,499
959,0,1,7,43,4,2,11.6,74
960,16,1,15,49,8,7,13.3,584
961,10,1,17,55,8,7,12.5,627
962,0,1,16,28,12,4,15.6,388
963,16,1,18,55,8,10,12.5,634
964,7,1,16,11,8,11,15.6,314
965,4,1,11,95,4,11,15.6,114
966,4,1,16,55,4,8,15.6,302
967,7,1,15,55,4,8,15.6,226
968,4,1,19,22,32,7,17.3,777
969,10,1,16,8,6,7,15.6,231
970,4,1,4,54,16,10,13.3,661
971,4,1,17,49,8,7,14.0,674
972,4,1,17,22,32,7,17.3,763
973,16,1,14,49,8,7,14.0,466
974,2,1,19,21,16,7,17.3,693
975,7,1,18,11,8,4,15.6,374
976,10,1,14,49,4,9,14.0,386
977,2,1,18,28,16,10,15.6,636
978,7,1,18,55,6,11,15.6,170
979,2,1,19,18,16,7,17.3,624
980,4,1,18,55,12,10,15.6,512
981,16,1,14,49,4,4,13.3,475
982,10,0,24,78,6,7,15.6,156
983,5,1,14,49,4,7,15.6,208
984,16,1,14,49,4,8,14.0,352
985,4,1,16,95,4,8,15.6,183
986,7,1,16,55,8,11,15.6,294
987,10,1,19,21,8,4,15.6,471
988,4,1,18,101,8,11,15.6,258
989,4,1,16,56,8,4,14.0,440
990,7,1,3,48,8,10,12.5,665
991,7,1,11,77,4,4,15.6,137
992,10,1,2,45,4,4,15.6,21
993,10,1,14,49,8,7,15.6,528
994,4,1,16,55,8,7,13.3,336
995,2,1,16,55,8,7,13.3,456
996,7,1,18,55,8,7,13.3,528
997,0,1,2,46,4,8,15.6,70
998,2,1,19,18,16,7,15.6,636
999,7,1,18,55,8,10,14.0,697
1000,0,1,19,17,8,4,15.6,495
1001,7,1,16,55,8,7,13.3,471
1002,4,1,15,55,4,4,15.6,155
1003,7,1,16,55,4,8,14.0,274
1004,16,1,14,49,4,4,13.3,475
1005,7,1,15,49,4,7,14.0,433
1006,7,1,16,55,4,7,14.0,480
1007,7,1,17,49,8,7,14.0,554
1008,7,1,16,11,8,7,14.0,409
1009,7,1,15,55,4,8,14.0,223
1010,4,1,16,17,8,11,15.6,365
1011,7,1,16,55,4,8,12.5,586
1012,7,1,16,55,4,7,14.0,593
1013,7,1,16,49,8,7,14.0,657
1014,7,1,15,55,4,8,13.3,291
1015,16,1,14,49,8,7,13.3,482
1016,7,1,15,55,4,7,15.6,269
1017,10,1,18,64,16,10,17.3,770
1018,16,1,14,49,8,7,14.0,571
1019,7,1,16,49,8,7,14.0,711
1020,4,1,14,49,4,11,15.6,286
1021,16,1,14,49,8,7,13.3,593
1022,7,1,16,55,8,7,13.3,455
1023,7,1,18,11,8,7,14.0,468
1024,4,1,15,49,8,8,15.6,406
1025,7,1,16,55,4,7,12.5,589
1026,7,1,16,55,4,8,14.0,471
1027,7,1,16,55,4,8,14.0,414
1028,4,1,16,55,8,7,13.3,599
1029,7,1,16,11,8,7,17.3,421
1030,7,1,16,55,4,7,14.0,372
1031,0,0,21,88,6,11,15.6,87
1032,11,1,19,17,8,4,17.3,473
1033,7,1,14,49,8,7,14.0,475
1034,7,1,16,49,8,7,15.6,488
1035,7,1,16,49,8,7,12.5,528
1036,7,1,16,55,4,8,15.6,255
1037,16,1,17,49,8,7,14.0,619
1038,4,1,15,49,8,7,15.6,416
1039,7,1,16,55,8,7,14.0,391
1040,10,1,16,49,4,7,15.6,315
1041,17,1,5,43,2,2,14.0,6
1042,16,1,16,10,16,7,15.6,550
1043,10,1,14,49,8,7,15.6,410
1044,7,1,14,49,4,8,14.0,385
1045,7,1,15,49,8,7,15.6,701
1046,7,1,14,49,8,7,14.0,560
1047,11,1,18,35,16,7,17.3,587
1048,10,1,17,35,16,4,17.3,720
1049,2,1,7,43,4,1,11.6,31
1050,10,1,17,49,16,7,14.0,750
1051,7,1,18,14,8,11,15.6,374
1052,4,1,18,55,8,7,15.6,427
1053,7,1,16,55,4,7,15.6,374
1054,4,1,18,55,16,11,13.3,716
1055,7,1,14,49,4,8,15.6,235
1056,7,1,16,55,4,8,15.6,137
1057,0,0,13,88,8,11,15.6,106
1058,4,1,18,55,12,7,13.3,512
1059,11,1,17,21,16,7,15.6,639
1060,7,1,18,55,8,7,15.6,418
1061,2,1,17,32,16,11,17.3,382
1062,4,1,16,42,4,11,15.6,161
1063,4,1,18,101,16,12,15.6,379
1064,11,1,17,21,16,7,15.6,667
1065,4,1,18,55,8,7,13.3,556
1066,2,1,18,34,64,11,17.3,786
1067,4,1,16,49,8,7,13.3,289
1068,4,1,17,33,16,7,15.6,520
1069,1,1,2,48,8,7,12.0,513
1070,4,1,14,49,4,8,15.6,126
1071,7,1,14,49,4,8,15.6,478
1072,7,1,14,49,8,7,12.5,478
1073,7,1,18,55,8,7,13.3,426
1074,10,1,16,49,8,7,12.5,618
1075,10,1,14,92,8,11,17.3,213
1076,10,1,14,28,4,11,15.6,373
1077,11,1,19,22,16,7,17.3,742
1078,10,1,14,49,4,8,15.6,151
1079,7,1,14,49,4,8,15.6,361
1080,10,1,3,48,8,10,12.5,543
1081,10,1,18,35,32,10,17.3,779
1082,10,1,5,43,4,3,10.1,206
1083,7,1,18,55,16,10,13.3,692
1084,4,1,16,55,8,7,15.6,260
1085,7,1,14,49,4,8,14.0,400
1086,7,1,16,0,8,7,15.6,573
1087,10,1,14,49,8,5,14.0,478
1088,7,1,6,48,4,2,13.3,191
1089,0,0,13,88,4,8,15.6,73
1090,4,1,7,42,4,8,15.6,76
1091,7,1,11,49,4,11,15.6,55
1092,2,1,19,21,8,7,17.3,596
1093,4,1,7,78,4,7,13.3,300
1094,7,1,14,49,4,4,12.5,596
1095,0,1,16,28,8,7,15.6,290
1096,4,1,16,101,8,11,15.6,201
1097,11,1,17,32,8,7,17.3,596
1098,7,1,7,44,4,11,15.6,138
1099,2,1,17,35,16,4,17.3,722
1100,4,1,14,49,4,8,12.5,447
1101,4,1,14,49,4,4,12.5,462
1102,0,1,6,42,4,1,15.6,5
1103,7,1,17,3,8,11,17.3,769
1104,10,1,19,18,16,10,15.6,478
1105,4,1,14,49,8,7,12.5,548
1106,11,1,17,31,8,4,17.3,579
1107,10,1,14,49,4,7,15.6,326
1108,7,0,16,86,4,11,15.6,80
1109,2,1,17,31,16,4,15.6,523
1110,7,1,2,48,8,7,13.3,615
1111,4,1,14,91,4,8,15.6,268
1112,10,1,11,49,4,4,15.6,96
1113,7,1,16,49,8,10,13.3,677
1114,10,1,5,43,4,3,10.1,156
1115,4,1,15,60,8,7,13.3,536
1116,10,1,18,35,16,7,17.3,759
1117,14,1,16,49,8,7,12.5,399
1118,16,1,18,55,16,10,13.3,710
1119,2,1,17,31,8,4,17.3,516
1120,17,1,5,43,4,2,13.3,2
1121,7,1,14,49,8,7,13.3,613
1122,7,1,14,49,8,7,14.0,580
1123,4,1,14,49,4,8,15.6,145
1124,2,1,15,55,4,11,15.6,97
1125,10,1,16,49,8,7,14.0,606
1126,10,1,5,43,4,3,10.1,125
1127,7,1,15,49,8,7,12.5,660
1128,10,1,16,21,8,4,15.6,378
1129,7,1,14,21,8,4,17.3,444
1130,7,1,18,55,8,12,15.6,197
1131,10,1,17,71,8,10,14.0,694
1132,2,1,2,45,4,2,14.0,28
1133,7,1,18,55,8,7,15.6,261
1134,0,1,16,14,4,11,15.6,192
1135,10,1,16,98,16,11,15.6,432
1136,7,1,17,70,8,7,17.3,785
1137,4,1,16,101,8,11,15.6,276
1138,11,1,18,35,16,7,17.3,732
1139,7,1,16,49,8,7,15.6,707
1140,10,1,17,49,16,10,14.0,737
1141,11,1,19,17,8,4,15.6,451
1142,7,1,15,49,8,7,13.3,600
1143,7,1,17,65,8,7,15.6,711
1144,7,1,17,49,8,7,13.3,636
1145,7,1,17,65,8,7,15.6,661
1146,7,1,16,49,8,7,12.5,721
1147,4,1,18,14,8,7,15.6,389
1148,7,1,14,49,8,7,15.6,591
1149,10,1,16,49,8,7,14.0,726
1150,10,1,11,49,4,11,15.6,51
1151,7,0,8,84,4,8,15.6,36
1152,10,1,14,92,8,11,15.6,183
1153,4,1,19,20,8,11,15.6,478
1154,4,1,14,15,8,7,15.6,715
1155,7,0,16,77,4,7,15.6,124
1156,11,1,19,18,16,7,17.3,572
1157,10,1,17,49,12,10,14.0,722
1158,10,1,14,92,8,11,15.6,279
1159,7,1,17,49,8,10,13.3,689
1160,10,1,17,49,8,7,14.0,575
1161,11,1,17,33,16,7,14.0,630
1162,7,1,19,17,8,11,15.6,343
1163,10,1,11,49,8,11,15.6,110
1164,7,1,14,49,4,8,15.6,122
1165,4,1,19,18,8,4,15.6,574
1166,10,1,16,55,8,7,15.6,539
1167,10,1,11,9,4,11,15.6,117
1168,7,1,7,43,2,2,14.0,13
1169,11,1,18,17,8,11,15.6,310
1170,7,1,16,49,8,7,15.6,221
1171,7,1,8,109,16,10,15.6,459
1172,2,1,7,42,4,8,15.6,67
1173,10,1,14,49,4,8,15.6,80
1174,10,1,18,14,8,11,15.6,238
1175,2,1,15,55,4,7,14.0,267
1176,10,1,16,49,4,11,15.6,302
1177,10,1,17,29,16,10,15.6,515
1178,11,1,17,33,16,4,15.6,706
1179,7,1,14,49,4,8,15.6,209
1180,10,1,14,49,8,7,14.0,601
1181,10,1,18,7,6,7,15.6,305
1182,4,1,18,16,8,7,15.6,339
1183,0,1,11,45,4,8,15.6,50
1184,7,1,17,31,6,11,15.6,290
1185,2,1,17,31,8,7,15.6,347
1186,4,1,18,55,16,10,15.6,465
1187,0,1,16,14,4,7,15.6,229
1188,4,1,15,49,8,7,13.3,432
1189,0,1,19,22,16,7,17.3,749
1190,10,1,16,17,8,11,15.6,301
1191,15,2,11,63,4,2,12.3,213
1192,7,1,16,55,4,8,15.6,127
1193,1,1,2,51,8,7,12.0,460
1194,4,1,16,55,8,7,13.3,478
1195,7,1,19,17,12,4,15.6,519
1196,10,1,11,95,4,11,15.6,66
1197,2,1,17,35,16,10,17.3,705
1198,0,1,11,45,4,11,15.6,22
1199,11,1,19,21,16,7,17.3,691
1200,4,1,11,100,4,4,15.6,137
1201,10,1,16,8,8,8,15.6,197
1202,4,1,8,109,16,10,15.6,507
1203,4,1,18,55,16,10,13.3,755
1204,2,1,17,21,8,11,15.6,464
1205,4,1,16,101,8,7,15.6,336
1206,7,1,16,55,8,7,15.6,170
1207,10,0,13,84,4,8,15.6,38
1208,0,1,11,14,8,11,17.3,197
1209,2,1,19,22,16,7,15.6,739
1210,1,1,3,48,8,10,12.0,504
1211,2,1,19,21,16,4,15.6,624
1212,11,1,17,21,16,7,17.3,670
1213,4,1,16,55,8,7,15.6,383
1214,2,1,19,21,16,7,17.3,671
1215,0,1,6,42,2,2,11.6,0
1216,0,1,11,14,4,11,17.3,180
1217,10,1,16,55,8,11,17.3,149
1218,10,1,17,30,8,4,15.6,502
1219,0,1,4,54,8,7,14.0,455
1220,10,1,17,49,8,7,15.6,582
1221,11,1,17,21,8,4,15.6,564
1222,7,0,18,78,6,11,15.6,146
1223,4,1,15,49,8,7,12.5,617
1224,4,1,15,55,4,8,15.0,139
1225,2,1,7,44,4,11,15.6,42
1226,4,1,18,55,8,7,13.3,565
1227,4,1,16,49,4,11,15.6,143
1228,10,1,17,31,16,4,15.6,399
1229,11,1,19,17,8,4,15.6,455
1230,10,1,16,49,16,10,12.5,604
1231,14,1,19,21,16,11,14.0,781
1232,4,1,15,55,8,11,15.6,119
1233,11,1,19,21,16,7,17.3,595
1234,1,1,7,53,4,7,11.6,368
1235,7,1,11,49,4,11,15.6,123
1236,7,1,16,49,8,7,14.0,708
1237,4,1,14,49,4,8,15.6,252
1238,11,1,17,31,8,4,15.6,464
1239,10,1,18,55,16,10,13.3,575
1240,10,0,24,78,6,7,15.6,179
1241,2,1,16,49,8,7,13.3,506
1242,0,1,11,49,4,8,15.6,62
1243,4,1,18,14,16,10,17.3,636
1244,7,1,14,49,4,7,14.0,433
1245,2,1,19,18,16,7,15.6,597
1246,4,1,16,55,4,8,14.0,330
1247,2,1,17,22,16,7,15.6,723
1248,10,1,16,55,8,7,15.6,167
1249,4,1,3,54,8,7,13.3,638
1250,4,1,7,42,4,8,15.6,46
1251,7,0,16,87,4,8,15.6,83
1252,10,1,14,8,6,4,15.6,165
1253,10,1,14,49,8,7,14.0,419
1254,4,1,7,42,4,8,15.6,102
1255,2,1,2,45,4,11,15.6,51
1256,2,1,17,33,16,4,17.3,662
1257,4,1,11,49,4,8,15.6,132
1258,10,1,16,92,8,11,15.6,338
1259,11,1,17,31,8,4,15.6,489
1260,10,1,14,49,4,4,14.0,307
1261,2,1,0,48,8,10,13.3,247
1262,4,1,15,55,6,11,15.6,110
1263,0,1,7,43,4,8,15.6,33
1264,4,1,7,42,2,8,15.6,69
1265,10,1,17,31,8,11,15.6,343
1266,7,0,20,100,6,11,15.6,157
1267,4,1,18,95,8,11,15.6,293
1268,7,1,7,43,2,2,11.6,5
1269,2,1,16,7,4,8,15.6,243
1270,10,1,16,49,4,4,14.0,200
1271,10,1,16,49,16,10,13.3,575
1272,10,1,7,42,2,3,14.0,8
1273,7,1,16,92,6,11,15.6,265
1274,2,1,7,42,4,8,15.6,67
