Ram,PrimaryStorage,Price_euros,company_en,cpu_company_en
8,128,1339.69,1,1
8,128,898.94,1,1
8,256,575.0,7,1
16,512,2537.45,1,1
8,256,1803.6,1,1
4,500,400.0,0,0
16,256,2139.97,1,1
8,256,1158.7,1,1
16,512,1495.0,2,1
8,256,770.0,0,1
4,500,393.9,7,1
4,500,344.99,7,1
16,256,2439.97,1,1
4,256,498.9,4,1
8,256,1262.4,1,1
8,256,1518.55,1,1
8,256,745.0,4,1
16,512,2858.0,1,1
8,1024,499.0,10,1
8,128,979.0,4,1
2,32,191.9,2,1
8,128,999.0,10,1
4,500,258.0,7,0
8,256,819.0,4,1
8,256,659.0,7,1
4,1024,418.64,4,1
8,128,1099.0,1,1
8,256,800.0,4,1
8,256,1298.0,4,1
8,1024,896.0,7,1
4,64,244.99,3,1
2,32,199.0,2,0
4,500,439.0,7,0
16,512,1869.0,4,1
8,256,998.0,1,1
4,64,249.0,10,1
4,1024,367.0,0,1
8,128,979.0,4,1
4,1024,488.69,7,1
8,256,879.0,7,1
4,1024,389.0,2,1
16,256,1499.0,4,1
8,1024,522.99,2,1
4,256,682.0,0,1
12,1024,999.0,4,1
8,256,1419.0,1,1
4,128,369.0,10,1
8,256,1299.0,2,0
4,256,639.0,4,1
4,1024,466.0,2,1
4,64,319.0,10,1
8,256,841.0,0,1
4,256,398.49,7,0
8,512,1103.0,7,1
4,1024,384.0,0,1
8,256,767.8,4,1
4,128,439.0,7,1
4,256,586.19,2,1
16,256,2449.0,11,1
4,256,415.0,2,1
16,256,1299.0,4,1
8,256,879.0,4,1
8,256,599.0,10,1
8,256,941.0,2,1
8,256,690.0,7,1
16,512,1983.0,2,1
4,500,438.69,7,1
4,32,229.0,7,1
4,1024,549.0,10,1
12,1024,949.0,2,1
4,128,1089.0,13,1
8,256,955.0,4,1
8,256,870.0,4,1
8,128,1095.0,11,1
8,1024,389.0,0,1
8,1024,949.0,2,1
8,2048,519.0,10,1
8,128,855.0,4,1
4,1024,530.0,0,1
8,128,977.0,7,1
8,256,1096.16,4,1
8,512,1510.0,1,1
8,256,860.0,7,1
4,128,399.0,10,0
4,1024,395.0,0,0
16,128,1349.0,4,1
8,256,699.0,7,1
8,256,598.99,7,1
16,128,1449.0,2,1
8,256,1649.0,4,1
8,1024,699.0,2,0
8,1024,689.0,0,1
16,512,1197.0,7,1
8,256,1195.0,4,1
8,256,1049.0,2,1
8,256,847.0,0,1
8,1024,599.9,4,1
4,256,485.0,4,1
6,256,577.0,2,1
12,128,1249.0,7,1
8,256,719.0,7,1
4,500,349.0,7,0
8,1024,647.0,4,1
8,256,1119.0,7,1
8,256,1340.0,13,1
6,256,659.0,7,1
4,1024,414.9,10,1
8,256,1193.0,2,1
16,256,1299.0,11,1
8,256,1480.0,10,1
16,256,1262.0,2,1
8,256,1379.0,4,1
8,256,1399.0,10,1
4,500,722.0,7,1
8,256,1629.0,4,1
8,256,1398.99,7,1
8,512,1084.0,7,1
8,256,1130.33,4,1
4,1024,564.0,2,1
8,256,1118.0,2,1
6,1024,479.0,0,1
16,256,2241.5,11,1
8,256,629.0,10,1
16,512,1271.0,7,1
4,256,451.0,0,0
4,500,259.0,7,1
8,1024,812.0,7,1
4,64,277.99,2,0
16,256,1396.0,4,1
8,256,928.0,7,1
8,1024,638.99,4,1
4,1024,449.0,4,1
8,256,884.0,0,1
4,256,572.0,0,1
8,1024,598.0,7,1
8,256,988.0,7,1
4,1024,252.36,10,1
8,128,938.0,2,1
4,1024,499.0,10,1
4,256,699.0,7,1
4,1024,655.0,0,1
8,256,1116.02,10,1
8,256,869.0,10,1
4,500,602.0,16,1
4,256,369.0,7,0
8,256,1099.0,2,1
8,512,2014.0,7,1
4,1024,344.0,2,1
16,256,2029.0,11,1
4,1024,447.0,0,1
16,512,1249.26,4,1
8,1024,899.0,4,1
4,128,498.0,10,1
16,256,1890.0,11,1
4,256,1082.0,7,1
6,256,619.0,7,1
4,256,629.0,10,1
8,256,1315.0,2,1
8,256,1049.0,4,1
4,500,447.0,16,1
4,1024,403.0,2,0
4,256,805.0,0,1
8,256,728.0,4,1
16,256,1079.0,10,1
4,1024,348.0,0,1
16,256,1799.0,11,1
4,1024,363.51,0,1
8,128,1060.49,4,1
8,256,854.0,0,1
4,500,754.0,7,1
8,256,1349.0,8,1
6,2048,699.0,7,1
4,500,309.0,10,0
4,500,489.0,16,1
8,256,923.0,7,1
8,1024,459.0,4,1
4,128,449.0,0,1
32,512,2799.0,11,1
8,128,813.0,10,1
8,256,1499.0,7,1
16,256,1049.0,4,1
8,256,1399.0,4,1
16,512,1849.0,10,1
8,128,793.0,16,1
8,256,1199.0,18,1
16,512,1549.0,4,1
16,512,2397.0,4,1
8,256,779.0,10,1
8,256,989.0,0,1
8,128,1085.0,4,1
16,1024,2824.0,10,1
4,32,260.0,17,1
8,256,999.9,18,1
8,256,698.0,10,1
8,1024,839.0,4,1
8,1024,914.0,7,1
32,1024,6099.0,14,1
8,512,959.0,7,1
16,256,1379.0,7,1
8,256,1045.0,7,1
16,512,1845.0,4,1
4,128,493.0,10,1
8,1024,742.0,0,1
16,512,1749.0,10,1
16,256,3055.0,4,1
16,512,1398.0,10,1
6,1024,439.0,4,1
8,256,1949.0,4,1
8,256,1449.0,4,1
8,256,597.0,10,1
8,1024,779.0,0,1
16,256,1407.0,2,1
4,500,349.0,7,1
8,256,549.0,10,1
8,512,1499.0,8,1
8,256,931.88,4,1
8,1024,589.0,10,1
8,256,1031.0,7,1
8,256,1149.0,4,1
16,512,1279.0,4,1
8,256,677.35,4,1
8,256,899.0,10,1
8,256,1363.0,16,1
8,1024,794.0,7,1
16,256,2456.34,4,1
8,256,832.0,0,1
16,1024,859.01,4,1
8,256,769.0,2,1
8,256,891.0,2,1
8,1024,1269.0,7,1
4,1024,398.99,2,1
4,500,330.0,7,0
16,256,1499.0,10,1
8,256,859.0,4,1
8,256,689.0,0,1
16,256,899.0,4,1
4,1024,390.0,0,1
4,128,575.0,2,0
32,512,3890.0,2,1
8,256,846.0,0,1
8,128,589.0,10,1
8,128,1145.0,2,1
8,128,889.0,2,1
8,256,879.0,4,1
8,256,1079.0,10,1
8,128,985.0,4,1
8,1024,559.0,7,1
16,256,2999.0,2,1
4,500,675.0,7,1
8,512,2040.0,1,1
8,1024,819.0,4,1
16,256,1799.0,2,1
4,1024,469.0,2,0
8,512,1849.0,10,1
4,256,702.0,0,1
8,256,949.0,4,1
8,128,445.9,7,0
16,1024,1059.0,7,1
16,512,2499.0,11,1
8,512,1699.0,10,1
8,128,1142.0,4,1
4,256,444.0,10,1
4,500,722.0,7,1
4,1024,657.0,4,1
8,1024,565.0,4,1
8,256,799.0,4,1
8,512,1499.0,2,1
4,1024,467.0,10,1
8,1024,1018.0,7,1
8,256,880.0,10,1
8,512,1958.9,1,1
16,256,1549.0,2,0
8,256,735.07,4,1
16,512,2499.0,10,1
8,500,812.0,16,1
12,1024,713.07,4,1
8,128,1099.0,4,1
8,1024,745.0,0,1
4,1024,489.0,10,1
8,2048,849.0,10,1
6,128,859.0,10,1
4,1024,428.0,4,1
8,256,829.0,10,1
6,256,579.0,10,1
8,256,951.0,0,1
12,1024,659.0,0,1
8,256,1097.0,10,1
8,256,977.0,2,1
16,256,1179.0,10,1
8,1024,659.01,10,1
2,16,199.0,0,1
8,1024,1187.0,2,1
8,1024,489.0,7,1
8,256,1829.0,4,1
8,256,739.0,10,1
8,1024,1299.0,10,1
8,256,979.0,0,1
16,256,2884.86,4,1
6,1024,499.0,10,0
16,512,1468.0,2,1
4,128,509.0,2,1
16,256,2122.0,2,1
6,1024,649.0,10,1
8,2048,549.0,10,1
8,128,1265.0,2,1
4,1024,359.99,10,1
16,256,1975.0,7,1
8,256,1043.0,16,1
8,128,819.0,10,1
4,1024,469.0,7,1
8,256,999.0,10,1
16,1024,2499.0,4,1
16,256,2099.0,11,1
8,256,469.0,0,0
2,32,275.0,2,1
8,128,844.0,4,1
16,1024,2449.0,7,1
4,16,459.9,10,1
8,256,980.0,7,1
4,128,485.0,0,1
8,256,1292.0,7,1
4,1024,589.0,10,1
8,256,1094.0,2,1
8,1024,902.0,7,1
8,256,659.0,0,0
4,32,292.0,10,1
6,1024,549.0,0,1
8,256,1049.9,2,1
8,256,1335.0,7,1
32,1024,2639.0,4,1
8,256,1199.0,11,1
8,256,943.0,16,1
8,256,1334.0,2,1
4,1024,449.0,10,1
8,256,999.0,2,1
8,256,1268.0,7,1
8,128,1049.0,4,1
8,256,1144.0,7,1
4,1024,274.99,2,1
8,256,1142.75,4,1
4,500,274.9,4,1
12,2048,899.0,10,0
8,1024,716.0,7,1
16,512,2099.0,10,1
8,256,1579.0,4,1
16,256,1129.0,10,1
2,32,279.0,7,1
16,512,1607.96,4,1
4,32,375.0,2,1
8,1024,663.0,4,1
16,512,2027.42,4,1
8,256,1304.0,7,1
8,128,1409.0,11,1
8,256,1738.27,7,1
16,512,1403.0,16,1
8,128,970.9,4,1
4,1024,321.99,10,1
8,1024,999.0,4,1
8,2048,557.37,4,1
8,256,1427.0,4,1
4,500,439.0,7,1
8,256,945.0,2,1
6,128,719.0,10,1
8,1024,639.0,7,1
8,256,499.0,10,1
8,2048,389.0,7,1
8,128,1085.0,4,1
8,128,809.0,10,1
8,256,899.0,4,1
8,256,1750.0,7,1
12,512,1099.0,2,1
4,128,426.0,0,0
16,256,2199.0,2,0
4,128,489.0,10,0
8,256,869.01,4,1
4,256,488.99,7,0
4,128,553.0,10,1
4,500,309.0,4,1
4,32,286.0,2,1
8,1024,846.0,0,1
8,128,1191.0,7,1
4,128,403.5,10,1
8,128,1655.0,2,1
8,256,1099.0,10,1
16,512,1748.9,2,1
8,512,2282.0,10,1
4,128,549.0,10,1
8,500,1369.0,4,1
8,256,2135.0,4,1
16,512,2509.0,10,1
8,1024,1039.0,2,1
16,256,1591.0,2,1
12,1024,693.99,0,1
8,256,1349.0,11,1
8,256,778.87,4,1
4,256,499.0,7,0
8,256,1229.56,10,1
8,256,938.0,10,1
8,256,2712.0,4,1
16,1024,2625.0,10,1
4,1024,306.0,10,1
16,256,1529.0,2,1
8,256,1144.5,10,1
8,256,879.0,0,1
16,256,2249.0,11,1
8,512,1873.0,2,1
16,512,1747.0,16,1
8,512,1680.0,4,1
4,500,409.0,10,1
2,32,304.45,10,1
8,512,1925.0,10,1
8,512,1943.0,10,1
4,1024,469.0,7,1
8,256,789.01,0,1
8,256,928.0,2,1
4,256,598.9,4,1
4,128,689.0,4,1
8,256,1500.0,7,1
8,1024,539.95,4,1
8,256,1215.38,10,1
16,512,1899.0,10,1
6,64,449.0,3,1
8,256,1427.0,7,1
8,1024,597.0,2,1
16,256,2799.0,4,1
8,128,1159.0,4,1
8,256,1142.4,4,1
8,256,1099.0,4,1
12,256,1999.0,7,1
4,32,299.0,12,1
4,16,269.0,15,1
8,256,1010.0,10,1
4,128,599.0,10,1
16,512,2445.0,10,1
16,512,2449.0,10,1
8,256,1695.0,2,0
4,500,347.0,7,1
16,512,2199.0,6,1
24,512,2382.0,10,1
4,256,559.0,2,1
8,1024,519.0,10,0
4,256,749.0,4,1
8,256,1429.0,10,1
4,128,349.0,10,1
8,128,1099.0,7,1
8,256,1179.0,4,1
4,500,441.8,0,1
8,64,1993.0,4,1
8,256,1027.74,11,1
16,512,2589.0,13,1
8,128,589.0,7,1
16,256,1975.0,4,1
8,512,1534.0,7,1
8,256,1345.0,10,1
8,128,979.0,4,1
4,500,479.0,4,1
8,1024,2046.0,4,1
4,128,989.0,13,1
8,256,1799.0,13,1
8,256,639.9,7,1
4,1024,544.0,0,1
4,128,435.0,0,1
8,1024,749.0,2,1
8,512,799.0,10,1
8,256,2090.0,10,1
4,500,304.0,2,1
4,500,469.0,0,1
8,2048,759.0,4,1
12,1024,1699.0,7,1
12,256,1858.0,10,1
8,512,1999.0,7,1
8,500,1154.0,7,1
8,128,1275.0,6,1
8,256,1841.85,4,1
12,128,1299.0,2,1
8,128,740.0,4,1
8,256,2408.0,4,1
8,180,1364.0,10,1
8,1024,675.0,4,1
8,256,1672.0,16,1
8,512,1262.0,4,1
4,1024,586.6,4,1
4,128,726.0,7,1
4,64,248.9,3,1
4,128,565.0,10,1
8,256,1049.0,10,1
16,512,2338.0,4,1
16,512,1899.0,4,1
16,512,1798.0,10,1
16,512,1950.0,2,1
8,256,1011.99,10,1
32,512,2799.0,16,1
8,128,1350.0,2,1
8,1024,579.0,0,0
24,256,1269.0,2,1
8,180,1099.0,10,1
8,256,898.9,10,1
8,1024,1749.0,7,1
8,256,949.0,10,1
8,256,911.0,10,1
4,64,340.0,2,1
8,256,618.99,7,1
8,256,1599.0,10,1
4,500,299.0,10,1
4,16,265.0,10,1
8,256,949.0,10,1
8,256,1224.0,2,1
4,1024,613.0,0,1
8,512,1323.0,7,1
8,256,1149.0,10,1
8,128,899.0,4,1
4,500,639.0,0,1
8,1024,836.0,4,1
16,256,1219.24,4,1
16,256,1399.95,18,1
2,32,245.0,2,1
4,1024,521.47,7,1
24,512,2968.0,2,1
8,256,889.0,7,1
16,256,1504.0,2,1
8,256,1399.0,10,1
8,256,1399.0,7,1
8,256,1279.73,4,1
4,128,689.0,7,1
8,128,889.0,4,1
8,256,1340.0,10,1
4,1024,799.0,10,1
8,2048,459.0,10,1
4,500,585.0,4,1
8,256,1377.0,4,1
16,128,3012.77,4,1
8,500,860.0,16,1
8,256,1299.0,2,1
4,32,369.0,12,1
8,128,1649.0,2,1
8,256,1369.0,4,1
8,256,797.41,4,1
4,256,398.99,7,1
12,1024,1799.0,7,1
8,256,859.0,10,1
8,256,1399.0,4,1
4,128,735.87,4,1
8,256,1145.0,7,1
8,1024,798.0,0,1
4,500,349.0,2,0
4,128,705.5,7,1
4,500,785.0,10,1
4,1024,462.35,10,1
4,500,397.0,7,1
8,512,1729.0,10,1
4,128,499.0,10,1
8,256,1116.99,4,1
16,256,2699.0,4,1
8,1024,544.15,7,1
8,1024,1280.0,7,1
4,500,224.0,2,1
4,32,255.0,12,1
6,128,949.0,10,1
6,128,568.9,7,0
4,1024,617.9,4,1
4,32,349.0,0,1
4,128,630.0,10,1
16,512,1965.0,7,1
8,256,2999.0,10,1
8,128,839.0,2,1
8,128,1599.0,4,1
4,500,959.0,4,1
8,1024,739.0,5,1
4,500,344.0,10,1
4,500,990.0,10,1
8,500,1860.99,7,1
8,2048,389.0,7,1
6,256,649.0,7,0
8,256,830.0,10,1
4,500,685.0,10,1
4,32,249.0,12,1
16,512,1865.0,16,1
32,256,2663.0,10,1
16,512,2729.0,11,1
8,256,749.01,4,1
4,32,389.0,12,1
8,500,1008.52,4,1
4,128,719.0,7,1
16,256,1537.39,4,1
4,16,295.0,4,1
16,128,2349.0,11,1
16,256,1498.0,7,1
12,256,1673.0,10,1
12,1024,609.0,10,1
8,128,1770.0,2,1
8,1024,739.0,2,1
12,512,949.0,10,0
4,128,603.0,4,1
16,128,1699.0,15,1
4,500,529.0,10,1
8,1024,459.0,10,1
8,512,2025.0,10,1
8,256,1474.0,10,1
8,256,1670.0,4,1
8,256,1763.0,4,1
8,256,1219.0,7,1
4,500,668.48,7,1
4,32,329.0,0,1
16,128,2199.0,11,1
4,1024,465.0,4,1
16,256,2299.0,11,1
8,256,1399.0,16,1
6,1024,564.0,10,1
8,256,1299.0,10,1
4,128,349.0,0,1
32,1024,4899.0,10,1
16,1024,879.01,4,1
4,1024,443.9,4,1
4,1024,359.0,4,1
4,500,869.0,4,1
8,128,1168.0,2,1
4,128,569.0,4,1
8,512,1389.0,7,1
16,256,2267.86,11,1
4,32,379.0,0,1
8,256,1124.0,7,1
8,256,1465.0,10,1
4,1024,776.0,4,1
8,256,799.0,5,1
4,500,932.0,7,1
8,1024,899.0,10,1
2,32,239.0,12,1
4,128,468.0,10,1
6,1024,639.01,2,1
8,256,1820.0,4,1
16,512,1900.0,2,1
16,256,1479.0,4,1
4,256,829.0,10,1
4,1024,579.0,10,1
8,1024,399.0,2,1
8,1024,906.62,2,1
8,256,1869.0,4,1
2,32,249.0,10,1
8,256,1757.42,10,1
16,1024,2399.0,4,1
8,128,1109.0,10,1
8,1024,520.9,7,0
16,512,2450.0,10,1
8,1024,1169.0,2,1
4,500,450.0,0,1
4,32,274.0,10,1
8,256,919.0,0,1
16,256,2599.0,14,1
8,256,1213.0,16,1
8,256,1584.0,10,1
32,512,2799.0,2,1
8,1024,709.0,0,1
8,256,1449.9,4,1
8,128,1191.8,11,1
4,500,364.9,7,1
8,500,1064.0,16,1
8,256,919.0,4,1
16,256,1135.0,4,1
8,128,1196.0,10,1
32,512,3147.37,4,1
8,256,1229.0,4,1
4,500,419.0,10,1
4,500,535.0,10,1
6,1024,539.0,7,1
8,128,1486.77,11,1
4,128,498.0,16,1
8,1024,955.0,4,1
8,1024,745.0,7,1
8,256,1258.0,16,1
4,128,412.0,0,1
8,256,1867.85,13,1
8,128,817.95,10,1
8,256,1034.0,10,1
4,128,349.0,10,0
4,128,699.0,7,1
16,256,1294.0,11,1
8,256,1135.0,2,1
8,64,495.0,7,1
8,512,2299.0,9,1
16,256,1299.0,0,1
8,256,997.9,11,1
4,128,419.0,2,1
16,128,2051.0,4,1
4,256,699.0,7,1
8,512,1499.0,10,1
16,256,2813.75,4,1
4,500,612.61,7,1
4,1024,545.67,4,1
6,2048,569.0,7,0
4,500,318.0,10,1
4,32,375.0,0,1
4,256,699.0,10,1
8,500,1907.99,7,1
8,256,2590.0,10,1
8,256,973.0,16,1
4,32,269.0,0,1
16,512,1749.0,10,1
4,64,669.0,2,1
16,512,1877.0,16,1
4,500,689.0,7,1
8,1024,819.0,4,1
4,256,399.0,10,0
8,1024,429.0,10,0
4,1024,621.45,10,1
4,500,450.0,10,1
8,256,795.0,4,1
8,256,999.0,0,1
16,512,1855.0,10,1
8,256,1191.0,10,1
6,2048,655.01,7,0
8,128,1249.0,10,1
8,256,1089.0,4,1
8,1024,726.0,4,1
4,32,298.0,2,1
16,512,1426.66,4,1
8,256,857.07,10,1
8,256,1179.0,4,1
4,500,298.0,10,0
4,32,265.0,12,1
8,256,1200.0,7,1
8,512,1686.64,10,1
8,256,836.6,7,1
8,256,1499.0,10,1
32,1024,3659.4,4,1
8,128,1348.48,11,1
4,1024,489.9,10,1
8,128,719.0,4,1
4,1024,649.0,4,1
8,1024,589.52,4,1
4,1024,489.0,7,0
16,128,1935.0,0,1
12,1024,649.0,4,1
6,128,650.0,7,0
4,500,559.0,0,1
8,256,960.0,10,1
4,1024,779.0,10,1
16,256,2419.0,7,1
8,1024,659.0,4,1
16,256,2094.48,11,1
4,500,410.8,0,1
8,128,1207.0,4,1
8,256,665.0,4,1
8,256,1535.0,16,1
8,256,999.0,10,1
16,1024,3299.0,10,1
2,32,330.0,0,1
16,256,1649.0,15,1
8,256,539.0,7,1
8,256,1126.71,4,1
16,256,4389.0,7,1
4,128,475.0,10,1
8,256,1900.0,7,1
4,1024,579.0,2,1
4,180,1096.0,10,1
4,256,849.9,2,1
8,256,1199.0,10,1
8,128,1099.0,7,1
8,256,1561.0,7,1
16,256,2868.99,4,1
4,256,599.0,0,1
8,128,1048.0,10,1
16,256,1859.0,4,1
8,256,1559.0,6,1
8,256,1129.0,2,1
4,500,849.0,4,1
4,128,655.0,0,1
4,1024,470.34,2,1
16,128,1099.0,4,1
8,256,1599.0,15,1
4,1024,298.0,0,1
16,256,1181.27,4,1
16,256,1799.0,15,1
4,128,1020.0,16,1
8,1024,1099.0,4,1
4,256,1244.0,7,1
12,2048,839.0,2,1
16,512,2370.0,10,1
4,128,636.0,0,1
16,512,2899.0,14,1
8,128,581.9,2,1
32,1024,3588.8,4,1
16,256,2350.0,2,1
16,512,1764.0,16,1
8,1024,329.0,10,1
16,512,2299.0,10,1
16,256,1891.0,11,1
8,128,1089.0,11,1
4,1024,999.0,10,1
16,256,2299.0,0,1
8,256,985.0,4,1
8,128,1339.0,2,1
4,32,202.9,17,1
8,512,1970.0,10,1
8,256,959.0,10,1
8,512,1165.0,1,1
8,256,2330.0,10,1
4,32,299.0,2,1
8,128,810.0,4,1
8,256,1349.0,10,1
8,256,739.0,4,1
8,256,2064.9,7,1
8,256,1099.0,2,1
8,256,1499.0,4,1
8,256,1749.0,4,1
4,128,744.0,4,1
8,256,1389.0,7,1
4,500,780.0,16,1
8,2048,629.0,7,0
16,512,1679.0,4,1
4,1024,609.0,10,1
12,1024,1749.0,7,1
16,512,2415.0,11,1
8,256,1499.0,15,1
8,1024,961.0,4,1
8,256,789.81,4,1
8,256,1859.0,10,1
16,512,1799.0,14,1
4,16,385.0,7,1
16,128,2505.02,4,1
4,500,755.0,4,1
4,500,489.9,10,1
4,128,1090.0,16,1
8,512,2499.0,10,1
8,256,1199.0,11,1
8,256,1875.0,10,1
4,128,499.0,16,1
8,256,1358.0,2,1
4,500,585.0,4,1
4,32,355.0,0,1
8,128,619.0,0,1
32,512,5499.0,14,1
16,512,2099.0,10,1
4,1024,519.0,2,1
8,256,1186.0,10,1
8,256,1650.0,10,1
16,256,2774.63,4,1
16,256,2419.0,2,1
4,500,669.0,16,1
4,16,325.0,10,1
8,128,590.0,2,1
16,512,1799.0,2,1
32,512,3072.89,4,1
8,1024,910.0,7,1
8,128,713.99,4,1
8,512,1870.0,7,1
4,256,739.0,4,1
4,32,615.0,7,1
8,512,1026.0,2,1
8,256,2277.0,7,1
8,512,1468.0,7,1
4,128,299.0,7,1
16,128,1899.0,2,1
8,1024,865.0,4,1
8,256,1903.0,10,1
8,256,787.0,2,1
8,128,945.0,4,1
4,1024,449.0,2,1
8,256,2559.0,7,1
8,1024,649.0,4,1
4,1024,469.0,10,1
8,1024,850.66,10,1
8,256,1349.0,7,1
4,128,1285.0,16,1
8,1024,1017.0,10,1
16,512,2240.0,4,1
4,500,910.0,7,1
8,256,1095.0,16,1
8,256,1950.0,10,1
8,256,902.0,0,1
8,1024,1778.0,4,1
4,500,1055.0,10,1
4,1024,479.0,10,1
8,256,1388.0,16,1
4,180,735.0,10,1
16,256,1849.0,15,1
8,256,1690.0,4,1
4,1024,398.99,2,1
8,256,935.0,18,1
4,128,912.5,4,1
4,256,839.0,7,1
4,256,1700.0,7,1
4,500,684.8,7,1
4,32,348.0,2,1
8,1024,669.0,10,1
4,500,369.0,4,1
4,256,1799.0,7,1
4,1024,455.7,4,1
12,128,1369.9,2,1
4,32,297.0,0,1
4,500,379.0,10,0
4,128,1265.0,7,1
16,256,1399.0,7,1
8,256,1699.0,15,1
8,256,1799.0,10,1
16,512,2649.0,11,1
8,256,1475.0,16,1
8,1024,929.0,4,1
8,1024,900.0,7,1
4,1024,614.0,4,1
8,500,935.0,4,1
8,512,2013.1,4,1
32,256,1279.0,2,1
16,256,1649.0,4,1
8,256,2049.0,10,1
8,512,1962.99,10,1
16,512,2099.0,9,1
8,512,1483.0,7,1
4,16,359.0,0,1
8,128,789.0,10,1
8,512,1899.0,9,1
8,256,1205.0,4,1
8,240,3100.0,7,1
6,256,789.0,10,1
8,256,1018.99,7,1
4,1024,499.0,0,1
4,128,881.0,10,1
8,256,960.0,7,1
16,256,1599.0,11,1
16,128,1349.0,4,1
8,128,1119.91,11,1
4,1024,684.99,4,1
8,256,1296.99,7,1
8,256,1149.0,7,1
16,256,1975.0,16,1
8,512,1825.0,10,1
4,500,729.9,4,1
8,256,1650.0,10,1
8,256,1165.0,7,1
4,1024,708.06,4,1
4,500,1149.0,7,1
4,1024,309.0,10,1
4,500,1579.0,7,1
4,1024,288.9,7,1
16,1024,1799.0,10,1
4,128,1105.0,16,1
8,256,1669.0,7,1
4,1024,558.6,4,1
8,128,1199.0,11,1
8,256,1639.0,4,1
16,512,2758.0,4,1
8,128,1399.0,7,1
4,1024,530.0,2,1
4,500,619.0,0,1
8,256,1119.0,16,1
8,256,1299.0,10,1
16,512,999.0,10,0
8,256,1472.2,4,1
8,1024,685.0,10,1
4,1024,659.0,4,1
4,32,349.0,0,1
8,8,2249.0,7,1
8,256,1775.0,4,1
8,256,1460.0,16,1
8,64,1159.0,2,1
8,256,1488.99,10,1
16,512,3154.0,4,1
8,256,1899.0,4,1
4,256,775.0,7,1
8,256,1268.0,4,1
4,32,389.0,0,1
8,256,1535.0,16,1
8,256,1760.0,10,1
12,128,1009.0,0,1
8,512,1790.0,16,1
8,1024,846.5,7,1
4,1024,465.62,4,1
4,500,825.0,4,1
4,500,685.0,7,1
32,256,3149.0,4,1
6,256,695.0,10,1
16,512,1899.0,4,1
8,256,1962.98,4,1
32,256,2800.0,4,1
8,256,1180.0,16,1
16,256,2049.9,2,1
8,128,979.0,7,1
4,508,1002.0,10,1
16,512,1799.0,2,1
6,1024,579.0,7,1
16,256,1749.0,2,1
12,512,1299.0,4,1
4,128,1195.0,16,1
6,256,549.0,10,0
4,256,649.0,5,1
4,500,915.0,16,1
4,500,599.0,4,1
8,1024,806.0,7,1
8,128,1189.0,10,1
8,1024,749.0,4,1
8,128,1119.0,4,1
8,512,1908.0,7,1
4,128,499.0,7,1
4,128,270.62,10,1
8,256,1349.0,10,1
8,256,889.0,4,1
8,256,1150.0,2,1
8,256,1349.0,7,1
4,500,380.0,0,1
16,256,1799.0,2,1
8,512,2089.0,7,1
8,128,1260.0,0,1
8,256,1189.0,7,1
4,128,547.0,4,1
4,500,779.0,7,1
4,128,1195.0,16,1
4,256,1099.99,7,1
4,256,1205.0,7,1
8,256,1449.0,7,1
8,256,1049.26,7,1
4,500,684.0,7,1
8,1024,949.0,4,1
4,500,1539.0,7,1
4,256,1590.0,7,1
8,256,1887.21,7,1
4,500,800.0,7,1
8,256,1210.0,16,1
4,256,769.99,7,1
16,512,2968.0,10,1
8,256,1490.0,16,1
8,256,2229.0,7,1
4,1024,795.99,4,1
8,256,1590.0,16,1
8,256,1149.0,7,1
8,256,1185.43,7,1
8,500,1046.44,4,1
4,256,1559.0,7,1
4,500,1189.0,7,1
4,500,1060.0,7,1
8,256,1624.0,4,1
8,256,1080.0,7,1
4,256,973.0,7,1
6,1024,409.0,0,0
8,128,1191.8,11,1
8,256,1195.0,7,1
8,256,1228.99,7,1
8,256,1349.0,7,1
4,500,742.0,7,1
8,256,1725.0,16,1
8,256,1062.95,4,1
8,256,1010.51,7,1
4,256,847.0,10,1
2,32,210.8,17,1
16,256,1425.0,16,1
8,256,1049.6,10,1
4,500,1000.0,7,1
8,256,2103.34,7,1
8,256,1469.0,7,1
16,256,1545.64,11,1
16,128,2289.99,10,1
4,16,287.9,2,1
16,256,2620.0,10,1
8,1024,979.0,7,1
8,256,1094.0,4,1
4,256,979.0,7,1
16,1024,2254.0,4,1
4,500,705.15,7,1
4,500,499.0,7,1
8,1024,449.0,0,0
12,256,1299.0,4,1
16,256,1819.0,11,1
8,256,1070.0,7,1
16,1024,998.0,2,1
4,1024,559.0,4,1
16,2048,989.99,4,1
16,256,1929.0,11,1
8,256,1458.0,4,1
64,1024,3975.0,2,1
8,256,798.01,4,1
16,256,1329.0,4,1
8,256,1300.0,1,1
4,500,481.98,4,1
4,500,1199.0,7,1
8,256,1199.0,7,1
8,256,1090.0,7,1
8,256,1713.49,10,1
8,1024,659.0,10,1
4,1024,977.0,10,1
16,256,2499.0,11,1
4,500,540.0,10,1
4,500,940.0,7,1
8,512,1399.0,10,1
32,512,3240.0,10,1
4,64,646.27,10,1
16,512,2049.0,7,1
8,256,750.0,4,1
4,500,1030.99,7,1
8,256,1495.0,7,1
8,180,1199.0,10,1
4,32,615.0,7,1
4,500,387.0,0,0
4,500,393.49,4,1
4,1024,345.99,7,1
8,256,1599.0,2,1
4,256,818.35,4,1
4,128,1599.0,7,1
8,256,799.0,0,1
8,1024,638.8,4,1
8,256,1599.0,11,1
4,1024,500.0,7,1
16,128,2299.0,2,1
4,500,1135.15,4,1
4,128,1166.97,4,1
4,16,209.0,0,1
8,1024,2899.0,7,1
16,512,1199.0,10,1
8,256,1413.1,4,1
8,128,1511.19,11,1
4,256,867.0,10,1
4,1024,398.0,7,0
16,128,1339.0,2,1
8,256,1699.0,7,1
4,500,769.15,4,1
4,128,429.0,10,1
8,512,1969.0,7,1
4,64,549.0,10,1
8,256,1379.0,4,1
16,256,2749.99,10,1
8,256,1029.0,14,1
16,512,2226.0,16,1
8,128,1312.49,2,1
4,32,196.0,17,1
8,256,1690.0,7,1
8,256,1513.0,7,1
4,500,523.63,4,1
4,1024,435.0,2,1
8,256,1669.0,10,1
4,64,479.0,10,1
8,256,1895.0,7,1
8,128,989.0,10,1
8,128,1129.0,7,1
8,2048,629.0,7,1
8,512,2050.38,10,1
4,32,278.0,2,1
8,256,752.0,7,1
4,1024,616.0,0,1
16,1024,1099.0,10,1
8,256,3949.4,7,1
8,1024,784.0,4,1
16,256,2399.0,11,1
8,256,2171.72,7,1
16,512,2440.0,10,1
8,128,1142.8,11,1
8,256,1629.0,7,1
8,256,2229.0,7,1
8,256,1799.0,7,1
8,256,1899.0,7,1
8,256,2296.95,7,1
8,256,1009.9,4,1
8,256,1579.0,7,1
8,256,2339.0,10,1
4,1024,339.0,10,1
4,500,297.0,7,0
8,1024,599.0,10,1
8,1024,1199.0,4,1
8,256,2250.68,4,1
4,256,478.89,7,0
16,256,1492.8,11,1
12,512,2299.0,10,1
8,1024,788.49,10,1
8,512,2041.0,7,1
8,256,1499.0,10,1
16,256,1769.0,11,1
8,1024,899.0,7,1
8,1024,459.0,10,1
4,500,476.99,7,1
8,128,1498.0,4,1
8,256,1390.0,10,1
4,1024,468.0,10,1
2,32,249.0,7,1
8,1024,839.0,11,1
8,256,679.0,7,1
16,512,1159.0,7,1
4,500,369.0,2,1
4,500,398.0,10,1
8,1024,709.0,10,1
4,256,769.0,2,1
4,1024,825.0,10,1
16,512,1305.0,10,1
16,128,2153.37,11,1
4,500,650.0,7,1
8,256,1637.0,10,1
6,256,831.0,10,1
8,256,895.01,4,1
4,500,333.0,0,1
6,1024,799.0,7,1
8,256,909.0,2,1
16,512,1179.0,4,1
4,256,691.0,0,1
8,256,1099.0,4,1
16,256,2599.0,0,1
8,1024,819.0,10,1
4,32,659.0,15,2
4,500,485.0,7,1
8,256,1163.0,1,1
8,256,1199.0,4,1
12,128,1327.0,7,1
4,1024,368.0,10,1
16,512,2150.0,2,1
4,1024,272.0,0,1
16,256,2048.9,11,1
4,128,499.0,4,1
8,500,629.0,10,1
16,512,1285.0,4,1
16,512,2680.0,4,1
8,1024,1169.0,2,1
8,256,889.0,4,1
8,256,579.0,7,1
4,500,299.0,10,0
8,1024,629.0,0,1
16,256,2449.0,2,1
8,512,1279.0,1,1
16,128,1749.0,2,1
16,256,1948.99,11,1
8,256,999.0,4,1
16,256,1949.0,2,1
2,32,174.0,0,1
4,1024,598.0,0,1
8,1024,539.0,10,1
8,128,1272.0,10,1
8,256,1149.0,0,1
8,256,1529.0,10,1
8,128,1476.11,11,1
6,1024,529.0,7,0
8,256,1713.37,4,1
4,500,509.0,4,1
4,1024,309.0,2,1
8,256,1477.0,4,1
4,1024,521.86,4,1
16,128,1029.0,10,1
8,128,1149.0,11,1
16,512,1650.0,10,1
16,1024,3499.0,14,1
8,1024,469.01,4,1
16,256,1598.0,11,1
4,256,959.0,1,1
4,1024,478.0,7,1
8,256,2198.19,7,1
4,500,737.0,4,1
8,128,1169.0,11,1
16,512,1499.0,10,1
6,256,597.57,10,0
8,256,1280.0,2,1
4,500,361.8,0,1
16,512,1799.0,4,1
4,256,1099.99,7,1
16,256,1600.0,2,1
4,500,875.0,4,1
16,256,2325.0,2,1
8,256,573.0,10,1
8,256,1813.0,4,1
4,500,324.0,4,1
4,500,399.0,7,0
6,128,569.0,10,1
8,256,1072.0,10,1
4,500,443.99,4,1
4,1024,339.0,2,1
16,128,1900.0,2,1
4,500,490.0,4,1
8,1024,895.0,10,1
8,128,1229.0,11,1
4,128,833.01,10,1
8,512,729.0,2,1
6,1024,459.0,4,1
4,500,289.0,0,1
2,500,379.0,4,1
8,1024,899.0,10,1
6,1024,549.99,7,0
8,1024,805.99,4,1
2,32,209.0,7,1
4,500,720.32,2,1
4,128,638.0,10,1
16,512,1499.0,10,1
2,64,229.0,10,1
6,1024,764.0,7,1
4,500,369.0,2,1
